POSXZ 125.749435 -665.558960 0
POSXZ -104.968491 -663.285400 0
POSXZ 4.889471 -482.564941 0
POSXZ -10.771092 -330.262329 0
POSXZ -283.749634 -232.398804 0
POSXZ -525.618652 -341.415894 0
POSXZ -585.083984 -438.592224 0
POSXZ -483.063293 -633.419495 0
POSXZ -357.569519 -674.619202 0
POSXZ -118.211784 -644.975220 0
POSXZ 142.673615 -619.437622 0
POSXZ 399.030853 -595.850769 0
POSXZ 265.888550 -522.888611 1
POSXZ 260.829498 -725.690613 6
POSXZ 132.871796 -736.567322 6
POSXZ -18.760025 -714.734253 6
POSXZ -162.195618 -651.867249 6
POSXZ -511.235779 -705.911438 6
POSXZ -564.624512 -708.122070 6
POSXZ -525.114624 -583.922302 6
POSXZ -498.144501 -535.284363 6
POSXZ -447.885376 -420.136780 6
POSXZ -436.902313 -193.471191 6
POSXZ -460.785797 45.781738 6
POSXZ -427.992859 148.633911 6
POSXZ -289.036804 368.086060 6
POSXZ -93.596527 -71.296997 6
POSXZ -102.097733 70.104248 6
POSXZ -132.368347 292.221558 6
POSXZ 75.986580 380.327881 6
POSXZ 99.253471 409.178101 6
POSXZ -252.823608 280.499512 6
POSXZ -76.396065 87.670898 7
POSXZ 8.259231 335.796387 7
POSXZ -11.260489 384.424438 7
POSXZ -139.669647 347.844849 7
POSXZ -113.554283 14.964355 7
POSXZ 29.554367 234.287842 0
POSXZ 40.505157 241.915527 0
POSXZ -32.383781 -232.398926 0
POSXZ 175.949951 -559.790466 0
POSXZ 263.174042 -628.772827 1
POSXZ 290.862610 -490.202942 1
POSXZ 272.385376 -282.026367 1
POSXZ 282.182739 -131.857300 1
POSXZ 186.526108 -338.634399 1
POSXZ 188.414429 -385.306274 1
POSXZ 84.427155 -420.136841 1
POSXZ 127.160126 -371.713440 2
POSXZ 176.834305 -214.539551 2
POSXZ 237.091858 -247.143433 2
POSXZ 283.129761 -321.848511 2
POSXZ 276.736725 -422.786133 2
POSXZ 593.657532 -495.274658 2
POSXZ 645.435608 -480.011047 2
POSXZ 633.437378 -344.192627 2
POSXZ 583.573486 -141.235962 2
POSXZ 709.665039 98.289185 2
POSXZ 659.005188 331.795776 2
POSXZ 698.747253 573.157593 2
POSXZ -214.065384 501.574707 2
POSXZ -501.726990 447.451172 2
POSXZ -620.383179 374.790771 2
POSXZ -681.766052 233.214844 2
POSXZ -704.194275 80.660645 2
POSXZ -679.650635 -167.609985 2
POSXZ -675.457764 -274.220825 3
POSXZ -686.409912 -334.584412 3
POSXZ -665.901062 -488.794006 3
POSXZ -644.069946 -510.702209 4
POSXZ -657.980957 -374.523987 4
POSXZ -555.999207 -176.503174 4
POSXZ -401.908569 -31.763794 4
POSXZ -320.363800 -217.414063 4
POSXZ -300.238251 -390.232788 4
POSXZ -370.640533 -299.177490 4
POSXZ -428.190125 -41.360107 4
POSXZ -365.803131 225.844360 4
POSXZ -288.676544 343.315186 4
POSXZ -326.451691 552.815186 4
POSXZ -270.651764 493.155762 4
POSXZ 1.047687 -202.913696 4
POSXZ -150.626022 -423.759216 4
POSXZ -150.626022 -423.759216 4
POSXZ -126.667084 -348.004883 4
POSXZ 46.503811 -179.457520 4
POSXZ 85.146835 -334.584412 4
POSXZ 146.654602 -337.277283 4
POSXZ 149.878632 -217.414063 4
POSXZ 162.553238 -199.998779 4
POSXZ 217.824936 -296.422729 4
POSXZ 207.881256 -307.415039 4
POSXZ 33.853447 -34.968140 4
POSXZ -58.559341 -9.172485 4
POSXZ -16.598331 300.828857 4
POSXZ -62.548115 281.812866 4
POSXZ 89.673615 203.899048 4
POSXZ 186.241470 335.522827 4
POSXZ 111.381699 497.360840 4
POSXZ 0.292424 583.291504 4
POSXZ -110.736580 480.590088 4
POSXZ 44.741135 418.886108 4
POSXZ 316.261932 418.885986 4
POSXZ 428.264587 472.255371 4
POSXZ 523.251099 -5.922363 4
POSXZ 513.485046 104.676147 4
POSXZ -123.314453 -724.772339 4
POSXZ 1.524525 -755.944885 4
POSXZ 119.616562 -745.627747 4
POSXZ 127.353424 -707.872314 4
POSXZ -324.271118 -593.102295 4
POSXZ -397.528442 -493.688782 5
POSXZ -175.124756 -699.349243 6
POSXZ -14.613970 -664.759827 6
POSXZ 8.311790 -609.068359 6
POSXZ -82.046707 -410.945984 6
POSXZ -191.162628 -202.913696 6
POSXZ -265.396759 -25.337524 6
POSXZ -281.164032 53.586792 6
POSXZ -167.835266 -194.154663 6
POSXZ -273.172333 -277.012085 6
POSXZ -185.891968 -428.856262 7
POSXZ 42.970257 -539.447021 7
POSXZ 105.991638 -629.353699 7
POSXZ 105.907272 -631.591187 7
POSXZ 264.191437 -651.579834 7
POSXZ 409.384277 -705.746155 7
POSXZ -541.078003 -743.555542 0
POSXZ -290.379181 -726.871277 0
POSXZ -62.624531 -737.321289 0
POSXZ 164.957855 -688.626099 0
POSXZ -113.577103 -97.891968 1
POSXZ -154.818665 16.992310 1
POSXZ -170.925964 97.783447 1
POSXZ -249.532593 200.265381 1
POSXZ -253.912903 270.490723 2
POSXZ -168.549026 164.302002 2
POSXZ -135.196045 33.536255 2
POSXZ -105.982010 -194.154663 2
POSXZ -58.461662 -348.004883 2
POSXZ 430.600403 -293.663574 2
POSXZ 483.368469 -231.793335 2
POSXZ 532.273804 -293.663452 2
POSXZ 608.174622 -345.329529 2
